Fundamental Matrix: 
 1.24346e-05  0.000156713   0.00384069
-0.000117316 -8.38326e-05   -0.0349426
   0.0034272    0.0452514      1.06047

Essential Matrix: 
 0.0257186  -0.267529 -0.0792306
  0.243581  0.0508765   0.274986
  0.129807  -0.254726   0.034732

Camera Matrices
P0: 
 0.995662 0.0836558 0.0407253  0.689077
-0.078566   0.99041 -0.113647  0.282814
-0.049842  0.109954  0.992686 -0.667225
P0: 
 0.995662 0.0836558 0.0407253 -0.689077
-0.078566   0.99041 -0.113647 -0.282814
-0.049842  0.109954  0.992686  0.667225
P0: 
-0.0349188   0.280705  -0.959159   0.689077
  0.472879  -0.840867  -0.263301   0.282814
 -0.880435   -0.46276  -0.103377  -0.667225
P0: 
-0.0349188   0.280705  -0.959159  -0.689077
  0.472879  -0.840867  -0.263301  -0.282814
 -0.880435   -0.46276  -0.103377   0.667225

Calibration Matrices
K: 
 667.077 -1.91488  399.499
       0  673.565  266.288
       0       -0  1.00122
K': 
    655.409    -1.95047     389.643
 3.8147e-06       652.5     275.113
1.48653e-08 1.03247e-09    0.989163
