Fundamental Matrix: 
 1.32881e-05  0.000194083   0.00384544
-0.000118828  6.63625e-06   -0.0345128
  0.00366469    0.0543307      1.06047

Essential Matrix: 
0.0435204  0.362935  0.188529
-0.385929 0.0695791 -0.372297
-0.118676  0.398933  0.034732

Camera Matrices
P0: 
-0.0448886   0.464742  -0.884308   0.684135
  0.288999  -0.841309  -0.456814    0.28376
 -0.956276   -0.27607 -0.0965449  -0.671892
P0: 
-0.0448886   0.464742  -0.884308  -0.684135
  0.288999  -0.841309  -0.456814   -0.28376
 -0.956276   -0.27607 -0.0965449   0.671892
P0: 
   0.99421  -0.102553 -0.0320829   0.684135
  0.104752   0.991535  0.0767213    0.28376
 0.0239434 -0.0796379   0.996536  -0.671892
P0: 
   0.99421  -0.102553 -0.0320829  -0.684135
  0.104752   0.991535  0.0767213   -0.28376
 0.0239434 -0.0796379   0.996536   0.671892

Calibration Matrices
K: 
 667.077 -1.91488  399.499
       0  673.565  266.288
       0       -0  1.00122
K': 
    655.409    -1.95047     389.643
 3.8147e-06       652.5     275.113
1.48653e-08 1.03247e-09    0.989163
